0001
0510
0003
0990
0261
0258
0521
0067
0009
0010
0910
0011
0012
6565
3874
0250
0119
0031
0013
0277
0015
0515
0505
8881
0506
0017
0306
0020
0900
0016
0511
0007
0355
0022
0023
0024
0822
0380
3456
12
3665
0030
1999
1123
0504
0517
0123
0035
9907
0037
9585
0041
0040
5444
0205
0043
1888
3485
0246
0047
0048
0268
0141
0213
0051
4745
0970
0968
0297
0052
741
0387
0053
5541
0055
0056
0401
1001
0058
0036
0309
1950
0489
0059
0331
6006
0061
0260
1115
0062
0422
0502
0065
8275
DANCE
0069
0072
0073
0334
0356
0503
0074
1226
9998
0075
0895
2223
0179
0076
0394
6000
075
6331
0080
0241
0081
0082
0083
0084
0921
0556
0270
6001
0085
9884
0327
0350
0091
0092
0178
400
0287
1658
0519
0991
0513
0093
0079
0361
0094
0280
8765
0276
0095
0096
0097
6589
0098
0324
0189
0384
0101
0102
0362
0424
9991
0269
0105
7895
4566
0308
0373
0106
0344
0110
0116
1111
0279
3335
0735
0113
0114
0980
1516
0259
0342
4441
6698
0330
0445
0120
0121
0395
0124
6984
0125
0825
0038
1256
0264
0127
0128
1954
0329
0423
8787
5689
0131
0132
0314
9876
0135
0295
0136
0404
0138
9875
0734
9923
0386
0049
0307
0668
1596
0285
8631
8652
0145
5555
0146
5812
0148
0323
0378
0150
0310
2900
1
0151
0518
0152
2323
3333
0249
0154
0155
4796
569565
0281
0004
2177
0215
8832
0388
0158
8888
0159
0236
0512
0192
0165
0998
9908
0520
0244
0167
0245
0369
1447
0267
0169
0170
0171
0256
0166
0488
0340
0197
0870
0172
0500
0301
0289
0176
0967
0175
0341
0265
0765
7384
0237
0225
4592
1222
0791
0902
0181
1212
0335
0263
0122
0183
1225
0233
5234
0522
0393
2304
0365
4546
0221
0392
0398
0188
0296
0191
9834
0924
0216
0516
0002
TAXI
2425
0339
0219
0195
0194
0391
0315
0196
5236
0933
0198
0669
0336
0199
4545
7
0200
0202
0203
0670
0370
0400
0206
0338
0208
0210
1587
0997
0798
1956
1487
5462
6633
0920
1547
0667
0111
0290
0375
WELLNESS
WINTINT
0999
5465
